# Regression on RedGold-BlueGold with Lane, Champ and OppChamp dummies.

                            OLS Regression Results                            
==============================================================================
Dep. Variable:               GoldDiff   R-squared:                       0.044
Model:                            OLS   Adj. R-squared:                  0.044
Method:                 Least Squares   F-statistic:                     234.9
Date:                Sat, 07 Apr 2018   Prob (F-statistic):               0.00
Time:                        08:13:56   Log-Likelihood:            -1.1956e+07
No. Observations:             1410180   AIC:                         2.391e+07
Df Residuals:                 1409902   BIC:                         2.392e+07
Df Model:                         277                                         
Covariance Type:            nonrobust                                         
===================================================================================
                      coef    std err          t      P>|t|      [0.025      0.975]
-----------------------------------------------------------------------------------
Time              -10.3789      0.242    -42.924      0.000     -10.853      -9.905
Time^2              0.2250      0.005     42.876      0.000       0.215       0.235
Top                12.6312      6.960      1.815      0.070      -1.010      26.272
Jungle             35.8742      9.530      3.764      0.000      17.195      54.553
Middle             34.5841      7.506      4.607      0.000      19.872      49.296
Adc                27.0756     10.844      2.497      0.013       5.821      48.330
Support           -41.8871      9.185     -4.561      0.000     -59.889     -23.885
aatrox           -226.0994     73.503     -3.076      0.002    -370.163     -82.036
ahri               64.4610     11.670      5.524      0.000      41.589      87.333
akali              65.7942     82.575      0.797      0.426     -96.050     227.639
alistar          -237.7058      9.628    -24.690      0.000    -256.576    -218.836
amumu            -729.1701    214.830     -3.394      0.001   -1150.229    -308.111
anivia             29.1816     23.298      1.253      0.210     -16.482      74.846
annie             -90.4690     16.835     -5.374      0.000    -123.465     -57.473
ashe              152.2324     10.533     14.453      0.000     131.588     172.877
aurelionsol        95.9873     27.903      3.440      0.001      41.298     150.676
azir              117.8494     11.011     10.703      0.000      96.269     139.430
bard             -148.6366     12.723    -11.682      0.000    -173.574    -123.699
blitzcrank        -84.5160     19.616     -4.309      0.000    -122.962     -46.070
brand              65.1047     37.650      1.729      0.084      -8.687     138.897
braum            -164.4626      9.187    -17.901      0.000    -182.469    -146.456
caitlyn           176.0546     11.430     15.403      0.000     153.652     198.458
camille            62.0534     15.408      4.027      0.000      31.854      92.253
cassiopeia        132.7865     10.215     12.999      0.000     112.765     152.808
chogath          -278.6788     16.261    -17.137      0.000    -310.551    -246.807
corki             206.5884      8.459     24.423      0.000     190.009     223.167
darius             90.3051     41.319      2.186      0.029       9.322     171.288
diana             226.7315     31.121      7.286      0.000     165.736     287.727
drmundo          -112.8179     24.446     -4.615      0.000    -160.732     -64.904
draven            744.2017     37.545     19.822      0.000     670.615     817.789
ekko               76.5542     10.388      7.369      0.000      56.194      96.914
elise              79.6738      9.300      8.567      0.000      61.446      97.902
evelynn           -57.6864     21.294     -2.709      0.007     -99.422     -15.950
ezreal            107.3325     10.233     10.488      0.000      87.275     127.390
fiddlesticks     -955.1288     69.329    -13.777      0.000   -1091.012    -819.246
fiora             164.2771     12.587     13.051      0.000     139.607     188.947
fizz              134.2414     14.400      9.323      0.000     106.019     162.464
galio            -332.0178     14.582    -22.769      0.000    -360.598    -303.438
gangplank         614.1190     12.900     47.608      0.000     588.836     639.402
gnar               15.8526      9.059      1.750      0.080      -1.903      33.609
gragas           -217.6297      8.101    -26.864      0.000    -233.508    -201.752
graves            274.9631      9.568     28.739      0.000     256.211     293.716
hecarim           184.8844     13.883     13.318      0.000     157.675     212.094
heimerdinger     -898.8359    126.896     -7.083      0.000   -1147.548    -650.124
illaoi            149.8835     42.173      3.554      0.000      67.226     232.541
irelia            223.3664     13.562     16.470      0.000     196.785     249.948
ivern            -165.5063     18.505     -8.944      0.000    -201.775    -129.238
janna            -110.7755     11.377     -9.736      0.000    -133.075     -88.476
jarvaniv         -126.0051      9.610    -13.111      0.000    -144.841    -107.169
jax               278.9609     19.866     14.042      0.000     240.025     317.897
jayce             154.8484     12.882     12.021      0.000     129.601     180.096
jhin               57.1717     10.820      5.284      0.000      35.965      78.379
jinx              253.0777     18.009     14.053      0.000     217.781     288.375
kalista           314.4774     11.229     28.006      0.000     292.469     336.486
karma            -171.5875      9.134    -18.785      0.000    -189.490    -153.685
karthus          -124.4385     46.132     -2.697      0.007    -214.856     -34.021
kassadin          -35.1535     13.623     -2.580      0.010     -61.854      -8.453
katarina           63.2324     33.869      1.867      0.062      -3.151     129.615
kayle              66.0961     38.931      1.698      0.090     -10.207     142.399
kayn               57.7213     62.809      0.919      0.358     -65.381     180.824
kennen             59.0230     14.288      4.131      0.000      31.020      87.026
khazix             36.1881     10.978      3.296      0.001      14.671      57.705
kindred           176.9489     14.986     11.808      0.000     147.577     206.321
kled              -69.6507     17.838     -3.905      0.000    -104.613     -34.688
kogmaw            -31.1105     13.219     -2.353      0.019     -57.019      -5.202
leblanc           195.6416     10.931     17.897      0.000     174.217     217.067
leesin            -63.5213      9.844     -6.453      0.000     -82.815     -44.227
leona             -54.0191     21.804     -2.477      0.013     -96.754     -11.284
lissandra         108.1092     11.894      9.089      0.000      84.796     131.422
lucian            385.1896      9.827     39.196      0.000     365.928     404.451
lulu             -182.3934      9.130    -19.978      0.000    -200.287    -164.499
lux              -437.5184     26.447    -16.543      0.000    -489.353    -385.684
malphite         -476.4081     21.955    -21.700      0.000    -519.439    -433.378
malzahar          -59.4047     12.199     -4.870      0.000     -83.313     -35.496
maokai           -299.5527      8.062    -37.155      0.000    -315.354    -283.751
masteryi         -815.4443    107.402     -7.592      0.000   -1025.948    -604.941
missfortune       232.6871     18.266     12.739      0.000     196.887     268.487
mordekaiser       304.9374     79.978      3.813      0.000     148.183     461.692
morgana           -19.9858     12.945     -1.544      0.123     -45.358       5.387
nami             -222.5801     12.614    -17.646      0.000    -247.302    -197.858
nasus              28.9429     77.601      0.373      0.709    -123.152     181.038
nautilus         -283.9655      9.395    -30.224      0.000    -302.380    -265.551
nidalee           580.5730     12.388     46.864      0.000     556.292     604.854
nocturne         -138.0742     53.097     -2.600      0.009    -242.142     -34.006
nunu             -231.7587     23.175    -10.001      0.000    -277.180    -186.337
olaf               12.9821     15.219      0.853      0.394     -16.846      42.811
orianna            99.9397      9.354     10.684      0.000      81.606     118.274
ornn             -470.5399     36.146    -13.018      0.000    -541.384    -399.696
pantheon           96.3061     38.705      2.488      0.013      20.445     172.167
poppy            -229.9130     10.780    -21.329      0.000    -251.041    -208.785
quinn             219.4928     27.083      8.105      0.000     166.411     272.574
rakan            -125.3025     15.635     -8.014      0.000    -155.947     -94.658
rammus             16.6308     33.721      0.493      0.622     -49.462      82.723
reksai            192.5827      8.996     21.407      0.000     174.950     210.215
renekton          308.8484     11.949     25.848      0.000     285.430     332.267
rengar             95.0447     14.018      6.780      0.000      67.570     122.519
riven             408.3455     32.970     12.385      0.000     343.725     472.966
rumble           -166.9975      9.620    -17.360      0.000    -185.852    -148.143
ryze              117.1819     10.808     10.842      0.000      95.999     138.365
sejuani          -176.3447     13.298    -13.261      0.000    -202.408    -150.281
shaco            -609.6079    128.691     -4.737      0.000    -861.838    -357.378
shen             -229.0477      9.103    -25.161      0.000    -246.890    -211.205
shyvana           194.7375     34.191      5.696      0.000     127.724     261.751
singed           -197.9518     46.051     -4.299      0.000    -288.209    -107.694
sion              -63.9908     26.026     -2.459      0.014    -115.002     -12.980
sivir             341.1859     10.175     33.531      0.000     321.243     361.129
skarner           -70.2560     55.465     -1.267      0.205    -178.965      38.453
sona             -370.9963     38.888     -9.540      0.000    -447.215    -294.778
soraka           -224.9603     25.053     -8.979      0.000    -274.064    -175.857
swain             -75.2245     22.747     -3.307      0.001    -119.808     -30.641
syndra            220.2534     10.621     20.738      0.000     199.437     241.070
tahmkench        -147.2489     11.421    -12.892      0.000    -169.635    -124.863
taliyah            33.4361     11.867      2.818      0.005      10.178      56.695
talon              11.7086     27.340      0.428      0.668     -41.876      65.294
taric            -175.8031     18.671     -9.416      0.000    -212.397    -139.210
teemo            -653.5771    124.139     -5.265      0.000    -896.885    -410.269
thresh           -230.5066      9.305    -24.772      0.000    -248.745    -212.268
tristana          226.3441     12.547     18.039      0.000     201.752     250.936
trundle            74.5953      9.503      7.850      0.000      55.971      93.220
tryndamere       1888.4290    236.093      7.999      0.000    1425.695    2351.163
twistedfate       523.5560     16.479     31.771      0.000     491.258     555.854
twitch             24.6161     18.090      1.361      0.174     -10.839      60.071
udyr              381.9602     55.354      6.900      0.000     273.468     490.453
urgot             -52.4000     25.764     -2.034      0.042    -102.897      -1.903
varus             157.2951      9.857     15.957      0.000     137.975     176.615
vayne              65.9054     20.604      3.199      0.001      25.522     106.288
veigar           -440.1707     41.436    -10.623      0.000    -521.384    -358.958
velkoz            171.1275     36.978      4.628      0.000      98.652     243.603
vi                 91.9278     29.101      3.159      0.002      34.892     148.964
viktor             68.2425      9.569      7.131      0.000      49.487      86.998
vladimir           85.2536     12.506      6.817      0.000      60.743     109.764
volibear         -210.4645     96.635     -2.178      0.029    -399.866     -21.063
warwick            34.9721     43.235      0.809      0.419     -49.767     119.712
wukong           -239.8629     96.789     -2.478      0.013    -429.565     -50.160
xayah             199.9031     14.301     13.978      0.000     171.873     227.933
xerath            -76.1868     23.062     -3.304      0.001    -121.388     -30.986
xinzhao           162.6738     81.525      1.995      0.046       2.889     322.459
yasuo             277.2697     25.272     10.972      0.000     227.738     326.801
yorick            -96.3748    113.775     -0.847      0.397    -319.369     126.619
zac              -271.3680     20.366    -13.325      0.000    -311.284    -231.452
zed               323.3567     15.679     20.624      0.000     292.627     354.086
ziggs            -182.8955     26.924     -6.793      0.000    -235.665    -130.126
zilean           -130.1639     16.755     -7.769      0.000    -163.004     -97.324
zoe              -196.6836     56.988     -3.451      0.001    -308.378     -84.989
zyra              101.4147     12.572      8.067      0.000      76.774     126.055
ahriOpp            28.6973     11.664      2.460      0.014       5.836      51.559
akaliOpp          156.6566     82.592      1.897      0.058      -5.222     318.535
alistarOpp        327.8594      9.446     34.708      0.000     309.345     346.374
amumuOpp          554.5525     76.720      7.228      0.000     404.185     704.920
aniviaOpp         -35.1150     26.789     -1.311      0.190     -87.621      17.391
annieOpp          119.6461     17.763      6.736      0.000      84.831     154.461
asheOpp           -92.6611     10.466     -8.853      0.000    -113.174     -72.148
aurelionsolOpp    -23.7567     31.823     -0.747      0.455     -86.128      38.614
azirOpp           -68.6193     10.065     -6.817      0.000     -88.347     -48.892
bardOpp           250.1781     12.050     20.762      0.000     226.561     273.795
blitzcrankOpp     108.9303     22.274      4.891      0.000      65.274     152.586
brandOpp         -163.2871     35.492     -4.601      0.000    -232.850     -93.724
braumOpp          237.6228      8.696     27.327      0.000     220.580     254.666
caitlynOpp       -240.4759     11.044    -21.775      0.000    -262.121    -218.831
camilleOpp       -176.2425     13.417    -13.135      0.000    -202.540    -149.945
cassiopeiaOpp     -38.0927     10.830     -3.517      0.000     -59.320     -16.865
chogathOpp        169.7725     15.389     11.032      0.000     139.610     199.935
corkiOpp         -194.1664      8.421    -23.058      0.000    -210.671    -177.662
dariusOpp        -117.3581     37.720     -3.111      0.002    -191.288     -43.428
dianaOpp         -101.2880     31.446     -3.221      0.001    -162.920     -39.656
drmundoOpp        409.2561     28.587     14.316      0.000     353.227     465.285
dravenOpp        -308.4649     33.275     -9.270      0.000    -373.684    -243.246
ekkoOpp           -18.6875     10.799     -1.731      0.084     -39.853       2.478
eliseOpp          -50.7731      8.974     -5.658      0.000     -68.362     -33.184
evelynnOpp        280.4533     21.214     13.220      0.000     238.874     322.032
ezrealOpp         -69.8503     10.004     -6.982      0.000     -89.458     -50.242
fiddlesticksOpp  -209.9800     90.196     -2.328      0.020    -386.761     -33.199
fioraOpp         -211.2056     13.203    -15.997      0.000    -237.082    -185.329
fizzOpp          -197.4670     16.521    -11.952      0.000    -229.848    -165.086
galioOpp          299.5294     12.919     23.186      0.000     274.209     324.850
gangplankOpp     -521.7574     12.628    -41.318      0.000    -546.507    -497.007
garenOpp         -148.0341    149.462     -0.990      0.322    -440.974     144.905
gnarOpp           -27.7179      9.102     -3.045      0.002     -45.558      -9.878
gragasOpp         205.5669      8.036     25.581      0.000     189.817     221.317
gravesOpp        -275.3557      9.112    -30.218      0.000    -293.216    -257.496
hecarimOpp        -33.4237     13.810     -2.420      0.016     -60.490      -6.357
heimerdingerOpp  -178.4728    116.993     -1.526      0.127    -407.774      50.829
illaoiOpp         -67.4315     49.034     -1.375      0.169    -163.537      28.674
ireliaOpp         -21.5725     13.908     -1.551      0.121     -48.831       5.686
ivernOpp          181.6791     20.337      8.933      0.000     141.819     221.539
jannaOpp          228.5673     11.216     20.378      0.000     206.583     250.551
jarvanivOpp       114.5310      9.507     12.047      0.000      95.898     133.164
jaxOpp           -255.3743     18.072    -14.131      0.000    -290.795    -219.954
jayceOpp         -244.7145     11.268    -21.718      0.000    -266.799    -222.630
jhinOpp           -22.4872     10.692     -2.103      0.035     -43.443      -1.532
jinxOpp          -192.6907     19.217    -10.027      0.000    -230.356    -155.025
kalistaOpp       -310.3312     10.564    -29.377      0.000    -331.036    -289.626
karmaOpp          330.1147      8.716     37.876      0.000     313.032     347.197
karthusOpp        -93.4643     36.460     -2.563      0.010    -164.925     -22.004
kassadinOpp       143.3287     14.903      9.617      0.000     114.119     172.539
katarinaOpp       269.8921     38.528      7.005      0.000     194.378     345.406
kayleOpp          481.7843     55.753      8.641      0.000     372.511     591.057
kaynOpp          -158.0929     41.569     -3.803      0.000    -239.566     -76.619
kennenOpp        -185.6250     13.173    -14.092      0.000    -211.443    -159.807
khazixOpp        -105.0910     11.070     -9.493      0.000    -126.788     -83.394
kindredOpp       -179.2010     15.298    -11.714      0.000    -209.185    -149.217
kledOpp            22.1317     18.621      1.189      0.235     -14.365      58.629
kogmawOpp          25.7863     13.244      1.947      0.052      -0.172      51.745
leblancOpp       -193.0793     10.732    -17.992      0.000    -214.113    -172.046
leesinOpp          21.9760     10.011      2.195      0.028       2.354      41.598
leonaOpp          222.9283     22.368      9.966      0.000     179.088     266.769
lissandraOpp        0.0301     11.934      0.003      0.998     -23.361      23.421
lucianOpp        -375.9043      9.579    -39.242      0.000    -394.679    -357.130
luluOpp           218.8470      8.369     26.149      0.000     202.443     235.251
luxOpp            117.4577     28.497      4.122      0.000      61.605     173.311
malphiteOpp       601.8759     23.485     25.629      0.000     555.847     647.905
malzaharOpp       173.5107     11.523     15.057      0.000     150.926     196.096
maokaiOpp         315.8087      7.945     39.751      0.000     300.237     331.380
masteryiOpp      -902.1384    145.234     -6.212      0.000   -1186.792    -617.485
missfortuneOpp   -260.4659     18.908    -13.776      0.000    -297.525    -223.407
mordekaiserOpp   -459.4109     59.262     -7.752      0.000    -575.563    -343.259
morganaOpp         82.9466     12.102      6.854      0.000      59.228     106.665
namiOpp           340.7943     12.675     26.888      0.000     315.952     365.636
nasusOpp         -187.9266    109.744     -1.712      0.087    -403.021      27.168
nautilusOpp       362.4557      9.015     40.205      0.000     344.786     380.125
nidaleeOpp       -685.9596     11.398    -60.180      0.000    -708.300    -663.619
nocturneOpp      -149.1528     44.881     -3.323      0.001    -237.119     -61.187
nunuOpp           238.4415     22.648     10.528      0.000     194.052     282.831
olafOpp             4.0458     14.446      0.280      0.779     -24.268      32.360
oriannaOpp        -40.3406      9.292     -4.341      0.000     -58.553     -22.128
ornnOpp           375.3419     29.848     12.575      0.000     316.840     433.843
pantheonOpp       179.4782     48.991      3.663      0.000      83.457     275.499
poppyOpp          233.9371     10.436     22.416      0.000     213.482     254.392
quinnOpp         -135.0821     33.369     -4.048      0.000    -200.484     -69.680
rakanOpp          259.2044     15.561     16.657      0.000     228.705     289.704
rammusOpp         698.0387     33.942     20.566      0.000     631.514     764.563
reksaiOpp        -143.5145      8.889    -16.145      0.000    -160.936    -126.092
renektonOpp      -336.5992     12.138    -27.731      0.000    -360.389    -312.809
rengarOpp        -266.3732     12.422    -21.443      0.000    -290.720    -242.026
rivenOpp         -596.8502     43.578    -13.696      0.000    -682.261    -511.439
rumbleOpp         110.0434      9.118     12.069      0.000      92.173     127.914
ryzeOpp          -103.4727      9.855    -10.499      0.000    -122.789     -84.156
sejuaniOpp         77.8915     13.101      5.946      0.000      52.214     103.569
shacoOpp          226.2566     91.710      2.467      0.014      46.509     406.005
shenOpp           292.0815      8.624     33.870      0.000     275.179     308.984
shyvanaOpp       -401.4741     34.747    -11.554      0.000    -469.576    -333.372
singedOpp         248.1009     51.417      4.825      0.000     147.325     348.877
sionOpp           315.5653     24.101     13.093      0.000     268.327     362.803
sivirOpp         -344.3658     10.207    -33.739      0.000    -364.371    -324.361
skarnerOpp        573.3600     76.274      7.517      0.000     423.865     722.855
sonaOpp           235.3478     40.372      5.829      0.000     156.219     314.476
sorakaOpp         360.1524     22.995     15.662      0.000     315.082     405.222
swainOpp          179.0371     21.219      8.437      0.000     137.448     220.626
syndraOpp        -258.9264      9.988    -25.923      0.000    -278.503    -239.349
tahmkenchOpp      193.0148     10.808     17.858      0.000     171.831     214.198
taliyahOpp       -207.8322     11.074    -18.767      0.000    -229.537    -186.127
talonOpp          -94.3990     27.018     -3.494      0.000    -147.353     -41.445
taricOpp          144.4816     16.992      8.503      0.000     111.179     177.785
teemoOpp         -189.9599    111.474     -1.704      0.088    -408.444      28.524
threshOpp         303.9394      8.915     34.092      0.000     286.466     321.413
tristanaOpp      -249.0827     12.041    -20.686      0.000    -272.683    -225.482
trundleOpp         92.3209      9.153     10.086      0.000      74.381     110.261
twistedfateOpp   -509.5773     16.267    -31.327      0.000    -541.459    -477.695
twitchOpp           6.8146     19.831      0.344      0.731     -32.053      45.683
udyrOpp          -144.1721     54.055     -2.667      0.008    -250.118     -38.226
urgotOpp           71.2190     28.427      2.505      0.012      15.502     126.936
varusOpp         -116.5058      9.777    -11.916      0.000    -135.669     -97.343
vayneOpp           -4.5784     19.609     -0.233      0.815     -43.011      33.855
veigarOpp         105.0947     43.652      2.408      0.016      19.538     190.651
velkozOpp         -97.7358     37.366     -2.616      0.009    -170.972     -24.500
viOpp             -56.8096     33.434     -1.699      0.089    -122.340       8.720
viktorOpp          31.7016      9.206      3.444      0.001      13.659      49.744
vladimirOpp        -3.7955     11.554     -0.328      0.743     -26.441      18.850
warwickOpp       -157.7433     34.292     -4.600      0.000    -224.955     -90.532
xayahOpp         -257.9474     14.634    -17.626      0.000    -286.630    -229.265
xerathOpp         113.4013     23.065      4.917      0.000      68.194     158.609
xinzhaoOpp        260.7155    105.302      2.476      0.013      54.327     467.104
yasuoOpp         -495.9762     29.695    -16.702      0.000    -554.178    -437.774
yorickOpp         481.1262     79.205      6.074      0.000     325.887     636.366
zacOpp            180.0660     15.243     11.813      0.000     150.191     209.941
zedOpp           -198.0655     15.008    -13.197      0.000    -227.481    -168.650
ziggsOpp          -87.8594     22.853     -3.845      0.000    -132.650     -43.069
zileanOpp         184.5064     18.643      9.897      0.000     147.967     221.046
zoeOpp            -57.5241     51.177     -1.124      0.261    -157.829      42.781
zyraOpp            -2.6862     11.994     -0.224      0.823     -26.195      20.822
==============================================================================
Omnibus:                   110430.111   Durbin-Watson:                   0.174
Prob(Omnibus):                  0.000   Jarque-Bera (JB):           663903.070
Skew:                           0.011   Prob(JB):                         0.00
Kurtosis:                       6.361   Cond. No.                     1.07e+16
==============================================================================

Warnings:
[1] Standard Errors assume that the covariance matrix of the errors is correctly specified.
[2] The smallest eigenvalue is 7.04e-21. This might indicate that there are
strong multicollinearity problems or that the design matrix is singular.
1523085237.5069602
----------------------- End Program. Run Time: 3035.7797136306763 -----------------------
[Finished in 3106.3s]
