Linear Regression on 50 games, using OppChamp as (-1) dummy variable. [Finished in 435.8s]
========================================================================================================================

Time1
43.7037034034729
Time2
219.01484394073486
Time3
219.01484394073486
Time4
430.8550777435303
Time5
0.2226393222808838
Time6
431.07771706581116
                            OLS Regression Results                            
==============================================================================
Dep. Variable:                   Gold   R-squared:                       0.936
Model:                            OLS   Adj. R-squared:                  0.936
Method:                 Least Squares   F-statistic:                     2542.
Date:                Sun, 01 Apr 2018   Prob (F-statistic):               0.00
Time:                        17:48:34   Log-Likelihood:            -1.6108e+05
No. Observations:               19280   AIC:                         3.224e+05
Df Residuals:                   19168   BIC:                         3.233e+05
Df Model:                         111                                         
Covariance Type:            nonrobust                                         
=================================================================================
                    coef    std err          t      P>|t|      [0.025      0.975]
---------------------------------------------------------------------------------
Constant         11.0889      2.553      4.343      0.000       6.084      16.094
Time            272.9598      2.137    127.746      0.000     268.772     277.148
Time^2            1.0414      0.049     21.102      0.000       0.945       1.138
Top           -3968.8273   1020.330     -3.890      0.000   -5968.763   -1968.892
Jungle        -4316.0873   1029.548     -4.192      0.000   -6334.091   -2298.083
Middle        -3348.8099   1019.395     -3.285      0.001   -5346.914   -1350.706
Adc           -3933.2765   1023.768     -3.842      0.000   -5939.951   -1926.602
Support       -6787.2904   1133.194     -5.990      0.000   -9008.450   -4566.130
ahri           -336.4838    119.126     -2.825      0.005    -569.981    -102.986
alistar        -272.4032    236.263     -1.153      0.249    -735.500     190.693
annie          -710.0202    161.100     -4.407      0.000   -1025.791    -394.249
azir           -588.1084    125.482     -4.687      0.000    -834.064    -342.153
blitzcrank     -311.6610    193.641     -1.609      0.108    -691.214      67.892
braum          -632.4602    182.893     -3.458      0.001    -990.947    -273.974
caitlyn         112.9246    153.774      0.734      0.463    -188.487     414.336
cassiopeia     -191.7382    147.807     -1.297      0.195    -481.453      97.976
corki            83.8332    128.716      0.651      0.515    -168.461     336.127
drmundo       -1378.6225    181.940     -7.577      0.000   -1735.242   -1022.003
draven         -162.4521    218.843     -0.742      0.458    -591.403     266.499
elise          -453.7808    222.964     -2.035      0.042    -890.810     -16.751
ezreal         -382.4353    135.039     -2.832      0.005    -647.123    -117.748
fizz           -435.0812    143.674     -3.028      0.002    -716.694    -153.469
gnar           -448.5207    122.406     -3.664      0.000    -688.448    -208.593
graves          311.1424    136.242      2.284      0.022      44.096     578.189
irelia           -0.0704    124.227     -0.001      1.000    -243.566     243.426
janna          -720.8437    166.571     -4.328      0.000   -1047.338    -394.349
jarvaniv       -875.4734    153.515     -5.703      0.000   -1176.377    -574.570
jax             127.9696    167.180      0.765      0.444    -199.717     455.656
jinx            301.5837    142.993      2.109      0.035      21.304     581.863
kalista         195.8168    143.252      1.367      0.172     -84.969     476.603
kassadin       -970.9954    119.773     -8.107      0.000   -1205.762    -736.229
kogmaw         -173.9651    152.790     -1.139      0.255    -473.446     125.516
leblanc        -899.3279    122.141     -7.363      0.000   -1138.736    -659.920
leesin         -842.5351    156.783     -5.374      0.000   -1149.844    -535.226
leona          -372.7988    168.779     -2.209      0.027    -703.620     -41.977
lissandra      -330.2084    117.897     -2.801      0.005    -561.297     -99.119
lucian         -214.0691    167.268     -1.280      0.201    -541.929     113.791
lulu           -783.0169    122.259     -6.405      0.000   -1022.656    -543.378
malphite       -842.7266    200.715     -4.199      0.000   -1236.146    -449.308
maokai         -483.2139    121.610     -3.973      0.000    -721.580    -244.848
morgana        -559.2720    160.009     -3.495      0.000    -872.904    -245.640
nami           -691.7720    180.234     -3.838      0.000   -1045.047    -338.497
nidalee          32.6869    142.023      0.230      0.818    -245.691     311.065
nocturne       -301.5546    245.036     -1.231      0.218    -781.846     178.737
nunu          -1249.3372    170.838     -7.313      0.000   -1584.195    -914.480
orianna        -460.8148    138.718     -3.322      0.001    -732.715    -188.915
reksai         -471.5629    149.966     -3.144      0.002    -765.510    -177.616
renekton         96.1883    134.905      0.713      0.476    -168.238     360.615
rengar         -852.9760    164.769     -5.177      0.000   -1175.937    -530.015
rumble         -519.4272    125.010     -4.155      0.000    -764.457    -274.397
sion           -431.3637    127.718     -3.377      0.001    -681.702    -181.025
sivir           303.8155    135.265      2.246      0.025      38.685     568.946
swain         -1432.1941    187.408     -7.642      0.000   -1799.531   -1064.857
thresh         -897.2971    169.632     -5.290      0.000   -1229.791    -564.803
tristana        225.3166    148.055      1.522      0.128     -64.884     515.517
vayne            32.0177    173.322      0.185      0.853    -307.709     371.745
veigar         -567.6498    235.800     -2.407      0.016   -1029.839    -105.461
vi             -293.6023    154.072     -1.906      0.057    -595.597       8.392
xerath         -647.3359    122.360     -5.290      0.000    -887.172    -407.500
yasuo          -725.6511    218.170     -3.326      0.001   -1153.284    -298.018
zed            -262.7638    122.215     -2.150      0.032    -502.316     -23.211


ahriOpp         766.8824    118.219      6.487      0.000     535.163     998.602
alistarOpp       -0.9189    236.642     -0.004      0.997    -464.757     462.919
annieOpp        138.5404    167.606      0.827      0.408    -189.982     467.063
azirOpp         306.8387    124.621      2.462      0.014      62.571     551.107
blitzcrankOpp  -515.1472    196.667     -2.619      0.009    -900.631    -129.664
braumOpp       -145.7129    183.338     -0.795      0.427    -505.071     213.645
caitlynOpp      337.2084    153.073      2.203      0.028      37.172     637.244
cassiopeiaOpp   535.9995    147.077      3.644      0.000     247.717     824.282
corkiOpp        308.8162    127.876      2.415      0.016      58.167     559.465
drmundoOpp      359.7152    181.348      1.984      0.047       4.258     715.173
dravenOpp      -219.4989    218.350     -1.005      0.315    -647.484     208.486
eliseOpp        696.0126    222.481      3.128      0.002     259.931    1132.095
ezrealOpp       439.3884    134.239      3.273      0.001     176.269     702.508
fizzOpp         989.9784    142.922      6.927      0.000     709.838    1270.118
gnarOpp         779.5089    121.524      6.414      0.000     541.312    1017.706
gravesOpp       512.3923    135.450      3.783      0.000     246.899     777.885
ireliaOpp       897.0029    123.357      7.272      0.000     655.212    1138.794
jannaOpp       -109.8394    167.113     -0.657      0.511    -437.395     217.716
jarvanivOpp     467.6781    152.812      3.060      0.002     168.153     767.203
jaxOpp         1076.4992    166.534      6.464      0.000     750.077    1402.921
jinxOpp         531.8442    142.238      3.739      0.000     253.044     810.644
kalistaOpp      688.6754    142.498      4.833      0.000     409.366     967.985
kassadinOpp     606.7952    118.871      5.105      0.000     373.797     839.793
kogmawOpp       428.9246    152.083      2.820      0.005     130.828     727.021
leblancOpp      821.9018    121.257      6.778      0.000     584.228    1059.576
leesinOpp       472.6507    156.095      3.028      0.002     166.691     778.610
leonaOpp       -308.2421    181.442     -1.699      0.089    -663.885      47.401
lissandraOpp    858.5994    116.980      7.340      0.000     629.308    1087.891
lucianOpp       286.5650    166.623      1.720      0.085     -40.031     613.161
luluOpp         665.4677    121.375      5.483      0.000     427.561     903.374
malphiteOpp     722.9898    200.178      3.612      0.000     330.624    1115.356
maokaiOpp       592.7767    120.721      4.910      0.000     356.152     829.401
morganaOpp      100.9184    159.335      0.633      0.526    -211.392     413.229
namiOpp         -91.6497    180.308     -0.508      0.611    -445.068     261.769
nidaleeOpp      856.8395    141.263      6.066      0.000     579.951    1133.728
nocturneOpp      74.9772    244.596      0.307      0.759    -404.452     554.406
nunuOpp         531.5299    170.207      3.123      0.002     197.910     865.150
oriannaOpp       -5.3539    137.940     -0.039      0.969    -275.728     265.020
reksaiOpp       481.8447    149.246      3.229      0.001     189.309     774.381
renektonOpp     632.2968    134.105      4.715      0.000     369.440     895.154
rengarOpp       317.8048    164.114      1.936      0.053      -3.873     639.483
rumbleOpp       912.4640    124.146      7.350      0.000     669.128    1155.800
sionOpp         602.0763    126.872      4.746      0.000     353.396     850.757
sivirOpp        398.7206    134.466      2.965      0.003     135.155     662.287
swainOpp        332.7569    186.833      1.781      0.075     -33.452     698.966
threshOpp       -55.2726    170.929     -0.323      0.746    -390.307     279.762
tristanaOpp     485.9039    147.326      3.298      0.001     197.132     774.676
vayneOpp        904.4113    172.700      5.237      0.000     565.904    1242.918
veigarOpp       169.0260    236.721      0.714      0.475    -294.969     633.021
viOpp           499.2993    153.372      3.255      0.001     198.678     799.921
xerathOpp       577.2593    121.477      4.752      0.000     339.155     815.364
yasuoOpp       -272.1503    217.676     -1.250      0.211    -698.815     154.514
zedOpp          910.2966    121.331      7.503      0.000     672.477    1148.116
==============================================================================
Omnibus:                     1773.868   Durbin-Watson:                   0.205
Prob(Omnibus):                  0.000   Jarque-Bera (JB):             6838.903
Skew:                           0.410   Prob(JB):                         0.00
Kurtosis:                       5.800   Cond. No.                     9.51e+17
==============================================================================

Warnings:
[1] Standard Errors assume that the covariance matrix of the errors is correctly specified.
[2] The smallest eigenvalue is 1.46e-26. This might indicate that there are
strong multicollinearity problems or that the design matrix is singular.
1522601314.7546334
----------------------- End Program. Run Time: 433.0681426525116 -----------------------





Regression on all games, with separate dummies for Champ/OppChamp as +1/-1. [Finished in 7704.9s]
=============================================================================================================================

Time1
97.13254284858704
Time2
682.4479901790619
Time3
682.4479901790619
Time4
2731.235642194748
Time5
257.24265360832214
Time6
2988.47829580307
                            OLS Regression Results                            
==============================================================================
Dep. Variable:                   Gold   R-squared:                       0.944
Model:                            OLS   Adj. R-squared:                  0.944
Method:                 Least Squares   F-statistic:                 1.686e+05
Date:                Sun, 01 Apr 2018   Prob (F-statistic):               0.00
Time:                        21:04:14   Log-Likelihood:            -2.3636e+07
No. Observations:             2820360   AIC:                         4.727e+07
Df Residuals:                 2820076   BIC:                         4.728e+07
Df Model:                         283                                         
Covariance Type:            nonrobust                                         
===================================================================================
                      coef    std err          t      P>|t|      [0.025      0.975]
-----------------------------------------------------------------------------------
Constant           18.2204      0.077    235.884      0.000      18.069      18.372
Time              308.5844      0.155   1991.217      0.000     308.281     308.888
Time^2              0.8575      0.003    255.057      0.000       0.851       0.864
Top             -8020.0774     36.004   -222.754      0.000   -8090.644   -7949.511
Jungle          -8633.0311     36.386   -237.264      0.000   -8704.346   -8561.716
Middle          -7671.2095     36.014   -213.004      0.000   -7741.797   -7600.622
Adc             -7872.9544     35.658   -220.791      0.000   -7942.843   -7803.066
Support         -1.001e+04     36.524   -274.107      0.000   -1.01e+04   -9939.915
aatrox           -384.2975     66.552     -5.774      0.000    -514.736    -253.859
ahri             -342.0153      7.685    -44.505      0.000    -357.077    -326.953
akali            -309.0420     52.865     -5.846      0.000    -412.655    -205.429
alistar          -757.8994      6.476   -117.030      0.000    -770.592    -745.206
amumu            -351.2961     65.443     -5.368      0.000    -479.563    -223.029
anivia           -362.2691     16.006    -22.633      0.000    -393.640    -330.898
annie           -1106.4025     11.354    -97.445      0.000   -1128.656   -1084.149
ashe             -263.9155      7.161    -36.853      0.000    -277.951    -249.880
aurelionsol      -355.2717     19.137    -18.565      0.000    -392.779    -317.765
azir             -183.5092      6.992    -26.247      0.000    -197.213    -169.806
bard             -537.4017      8.186    -65.649      0.000    -553.446    -521.357
blitzcrank       -242.6896     13.454    -18.038      0.000    -269.059    -216.320
brand            -253.7987     23.491    -10.804      0.000    -299.841    -207.757
braum            -498.0793      6.074    -82.005      0.000    -509.984    -486.175
caitlyn           -78.0481      7.612    -10.253      0.000     -92.968     -63.128
camille          -201.8401      9.423    -21.419      0.000    -220.309    -183.371
cassiopeia       -274.2980      7.018    -39.083      0.000    -288.054    -260.542
chogath          -424.0205     10.339    -41.010      0.000    -444.285    -403.756
corki            -101.1084      5.764    -17.541      0.000    -112.406     -89.811
darius           -342.8344     25.278    -13.563      0.000    -392.378    -293.291
diana             -50.0321     20.092     -2.490      0.013     -89.412     -10.652
drmundo          -567.9464     16.903    -33.600      0.000    -601.076    -534.817
draven            156.0579     22.650      6.890      0.000     111.666     200.450
ekko             -346.7995      7.084    -48.958      0.000    -360.683    -332.916
elise            -291.1283      6.202    -46.942      0.000    -303.284    -278.973
evelynn          -579.9353     13.700    -42.331      0.000    -606.787    -553.084
ezreal           -152.5829      6.901    -22.111      0.000    -166.108    -139.058
fiddlesticks     -503.6007     49.838    -10.105      0.000    -601.282    -405.919
fiora            -138.3792      8.520    -16.241      0.000    -155.079    -121.680
fizz             -399.3413      9.962    -40.087      0.000    -418.866    -379.816
galio            -617.5952      9.039    -68.322      0.000    -635.312    -599.878
gangplank         428.9027      8.461     50.692      0.000     412.319     445.486
garen            1670.5662    135.438     12.335      0.000    1405.112    1936.020
gnar             -408.9115      6.106    -66.966      0.000    -420.880    -396.943
gragas           -518.5636      5.522    -93.909      0.000    -529.387    -507.741
graves             40.3550      6.320      6.385      0.000      27.967      52.743
hecarim          -184.1193      9.023    -20.405      0.000    -201.805    -166.434
heimerdinger     -448.8213     76.953     -5.832      0.000    -599.647    -297.995
illaoi           -226.5338     29.022     -7.805      0.000    -283.417    -169.651
irelia           -369.7429      8.989    -41.132      0.000    -387.361    -352.124
ivern            -511.0823     12.567    -40.670      0.000    -535.712    -486.452
janna            -810.3530      7.625   -106.272      0.000    -825.298    -795.408
jarvaniv         -512.2529      6.381    -80.276      0.000    -524.760    -499.746
jax              -101.1002     12.285     -8.229      0.000    -125.179     -77.022
jayce            -139.2078      7.969    -17.469      0.000    -154.826    -123.589
jhin             -311.7787      7.350    -42.421      0.000    -326.184    -297.374
jinx               -0.4226     12.019     -0.035      0.972     -23.979      23.134
kalista           -61.2341      7.333     -8.351      0.000     -75.606     -46.863
karma            -570.3128      6.072    -93.927      0.000    -582.213    -558.412
karthus           -38.2977     25.935     -1.477      0.140     -89.130      12.535
kassadin         -547.7475      9.276    -59.051      0.000    -565.928    -529.567
katarina         -501.9366     23.129    -21.702      0.000    -547.269    -456.605
kayle            -525.7952     28.908    -18.188      0.000    -582.455    -469.136
kayn              -39.2471     31.449     -1.248      0.212    -100.886      22.392
kennen           -259.6567      9.036    -28.737      0.000    -277.366    -241.947
khazix           -275.0314      7.331    -37.514      0.000    -289.401    -260.662
kindred           -71.0979      9.925     -7.164      0.000     -90.551     -51.645
kled             -310.7077     11.882    -26.149      0.000    -333.996    -287.419
kogmaw           -185.2638      8.733    -21.213      0.000    -202.381    -168.147
leblanc          -452.3738      7.220    -62.656      0.000    -466.525    -438.223
leesin           -415.8881      6.610    -62.918      0.000    -428.843    -402.933
leona            -847.2587     14.335    -59.104      0.000    -875.355    -819.162
lissandra        -305.6383      7.878    -38.798      0.000    -321.078    -290.199
lucian             -6.0475      6.638     -0.911      0.362     -19.058       6.963
lulu             -507.6653      5.910    -85.906      0.000    -519.248    -496.083
lux              -425.6340     17.709    -24.035      0.000    -460.342    -390.926
malphite         -822.4581     14.630    -56.216      0.000    -851.133    -793.783
malzahar         -414.8475      7.882    -52.633      0.000    -430.296    -399.399
maokai           -670.0277      5.436   -123.247      0.000    -680.683    -659.372
masteryi           81.0594     78.145      1.037      0.300     -72.101     234.220
missfortune      -206.6635     12.074    -17.116      0.000    -230.329    -182.998
mordekaiser       -57.3380     43.161     -1.328      0.184    -141.932      27.256
morgana          -588.8872      8.296    -70.984      0.000    -605.147    -572.627
nami             -772.4669      8.377    -92.211      0.000    -788.886    -756.048
nasus            -142.8099     57.340     -2.491      0.013    -255.194     -30.425
nautilus         -740.3833      6.318   -117.194      0.000    -752.766    -728.001
nidalee           269.8980      7.819     34.517      0.000     254.572     285.224
nocturne         -128.7050     31.114     -4.137      0.000    -189.687     -67.723
nunu             -726.5934     14.766    -49.206      0.000    -755.535    -697.652
olaf             -242.7990      9.704    -25.021      0.000    -261.818    -223.780
orianna          -224.8423      6.313    -35.618      0.000    -237.215    -212.470
ornn             -429.9039     20.939    -20.531      0.000    -470.944    -388.863
pantheon         -695.7663     27.538    -25.266      0.000    -749.740    -641.793
poppy            -546.1471      7.131    -76.591      0.000    -560.123    -532.171
quinn            -297.3392     19.157    -15.521      0.000    -334.886    -259.792
rakan            -230.6284     10.184    -22.646      0.000    -250.589    -210.668
rammus           -702.7753     21.719    -32.357      0.000    -745.345    -660.206
reksai           -189.4915      5.999    -31.587      0.000    -201.249    -177.734
renekton          -10.2400      8.002     -1.280      0.201     -25.924       5.444
rengar            -75.0752      8.622     -8.707      0.000     -91.974     -58.176
riven              21.2214     23.840      0.890      0.373     -25.504      67.947
rumble           -468.7600      6.265    -74.818      0.000    -481.040    -456.480
ryze             -336.5366      6.975    -48.247      0.000    -350.208    -322.865
sejuani          -465.4523      8.651    -53.802      0.000    -482.408    -448.496
shaco            -108.5915     67.689     -1.604      0.109    -241.259      24.076
shen             -484.9687      6.055    -80.100      0.000    -496.835    -473.102
shyvana           111.5001     22.137      5.037      0.000      68.112     154.889
singed           -505.2277     31.159    -16.214      0.000    -566.298    -444.157
sion             -647.9716     16.098    -40.251      0.000    -679.524    -616.419
sivir              78.5163      6.852     11.459      0.000      65.087      91.946
skarner          -471.9454     40.678    -11.602      0.000    -551.674    -392.217
sona             -596.2240     25.467    -23.412      0.000    -646.138    -546.310
soraka           -443.0482     15.487    -28.607      0.000    -473.403    -412.694
swain            -622.7341     14.237    -43.739      0.000    -650.639    -594.829
syndra           -161.0503      6.961    -23.135      0.000    -174.694    -147.407
tahmkench        -496.2049      7.402    -67.039      0.000    -510.712    -481.698
taliyah          -197.3613      7.697    -25.643      0.000    -212.446    -182.276
talon            -334.6380     17.538    -19.081      0.000    -369.012    -300.264
taric            -248.7727     11.568    -21.506      0.000    -271.445    -226.101
teemo            -146.1695     73.781     -1.981      0.048    -290.778      -1.561
thresh           -802.4125      6.244   -128.510      0.000    -814.650    -790.174
tristana           41.0873      8.188      5.018      0.000      25.040      57.135
trundle          -389.4734      6.343    -61.401      0.000    -401.906    -377.041
tryndamere       1020.5969    214.005      4.769      0.000     601.155    1440.039
twistedfate       333.5449     10.648     31.325      0.000     312.676     354.414
twitch           -333.6662     12.324    -27.074      0.000    -357.821    -309.511
udyr               30.3357     35.104      0.864      0.388     -38.468      99.139
urgot            -498.2226     17.346    -28.723      0.000    -532.219    -464.226
varus            -223.1012      6.714    -33.229      0.000    -236.260    -209.942
vayne            -243.3118     12.998    -18.720      0.000    -268.787    -217.837
veigar           -676.8636     27.310    -24.785      0.000    -730.390    -623.337
velkoz           -275.7379     23.893    -11.541      0.000    -322.566    -228.909
vi               -347.5764     19.927    -17.443      0.000    -386.632    -308.521
viktor           -230.6147      6.339    -36.382      0.000    -243.038    -218.191
vladimir         -404.6092      7.964    -50.804      0.000    -420.219    -389.000
volibear         -457.0758     87.487     -5.224      0.000    -628.548    -285.604
warwick          -210.3859     24.410     -8.619      0.000    -258.228    -162.544
wukong           -471.4383     87.566     -5.384      0.000    -643.064    -299.812
xayah             -73.5303      9.614     -7.648      0.000     -92.373     -54.688
xerath           -442.8946     14.843    -29.839      0.000    -471.986    -413.803
xinzhao          -469.8482     58.414     -8.043      0.000    -584.338    -355.359
yasuo             -20.5630     17.498     -1.175      0.240     -54.858      13.732
yorick           -418.1584     58.922     -7.097      0.000    -533.644    -302.672
zac              -498.4072     11.185    -44.561      0.000    -520.329    -476.485
zed              -260.8393      9.979    -26.140      0.000    -280.397    -241.281
ziggs            -198.8746     15.917    -12.494      0.000    -230.072    -167.677
zilean           -523.4047     11.493    -45.540      0.000    -545.931    -500.878
zoe              -113.0563     34.562     -3.271      0.001    -180.796     -45.316
zyra             -349.4014      8.112    -43.075      0.000    -365.300    -333.503


aatroxOpp          83.7574     66.552      1.259      0.208     -46.682     214.197
ahriOpp           354.8442      7.683     46.185      0.000     339.786     369.903
akaliOpp          289.3482     52.866      5.473      0.000     185.733     392.964
alistarOpp        465.2983      6.474     71.870      0.000     452.609     477.987
amumuOpp         -189.6739     65.444     -2.898      0.004    -317.941     -61.407
aniviaOpp         385.6252     16.003     24.097      0.000     354.260     416.991
annieOpp         1003.5351     11.367     88.287      0.000     981.257    1025.813
asheOpp           375.3097      7.158     52.434      0.000     361.281     389.339
aurelionsolOpp    398.7034     19.132     20.839      0.000     361.204     436.202
azirOpp           266.0358      6.986     38.080      0.000     252.343     279.729
bardOpp           330.9423      8.184     40.435      0.000     314.901     346.984
blitzcrankOpp     121.4447     13.453      9.027      0.000      95.078     147.812
brandOpp          370.0974     23.491     15.755      0.000     324.057     416.138
braumOpp          289.9430      6.072     47.749      0.000     278.042     301.844
caitlynOpp        277.8457      7.609     36.516      0.000     262.933     292.759
camilleOpp        334.0532      9.425     35.442      0.000     315.580     352.527
cassiopeiaOpp     352.2715      7.011     50.248      0.000     338.531     366.012
chogathOpp        201.7177     10.342     19.506      0.000     181.449     221.987
corkiOpp          289.6162      5.760     50.283      0.000     278.327     300.905
dariusOpp         448.2360     25.278     17.732      0.000     398.692     497.780
dianaOpp          209.0344     20.092     10.404      0.000     169.655     248.414
drmundoOpp        361.2530     16.914     21.358      0.000     328.102     394.404
dravenOpp         345.4213     22.649     15.251      0.000     301.030     389.812
ekkoOpp           389.3226      7.083     54.963      0.000     375.439     403.206
eliseOpp          353.4321      6.205     56.958      0.000     341.270     365.594
evelynnOpp        408.8050     13.700     29.840      0.000     381.953     435.657
ezrealOpp         231.5012      6.897     33.563      0.000     217.982     245.020
fiddlesticksOpp   -27.4285     49.838     -0.550      0.582    -125.110      70.253
fioraOpp          318.0129      8.522     37.316      0.000     301.310     334.716
fizzOpp           547.8136      9.963     54.987      0.000     528.287     567.340
galioOpp          300.8265      9.037     33.287      0.000     283.114     318.539
gangplankOpp      133.5528      8.462     15.783      0.000     116.968     150.138
garenOpp        -1413.5903    135.438    -10.437      0.000   -1679.045   -1148.136
gnarOpp           428.6008      6.109     70.159      0.000     416.627     440.574
gragasOpp         301.6546      5.526     54.589      0.000     290.824     312.485
gravesOpp         235.0877      6.323     37.182      0.000     222.696     247.480
hecarimOpp        289.8899      9.025     32.122      0.000     272.202     307.578
heimerdingerOpp    42.0252     76.953      0.546      0.585    -108.801     192.851
illaoiOpp         336.0350     29.023     11.578      0.000     279.150     392.920
ireliaOpp         501.2256      8.995     55.722      0.000     483.596     518.856
ivernOpp          326.3740     12.568     25.969      0.000     301.742     351.006
jannaOpp          624.5860      7.615     82.018      0.000     609.660     639.512
jarvanivOpp       388.4951      6.383     60.862      0.000     375.984     401.006
jaxOpp            373.4875     12.287     30.396      0.000     349.405     397.570
jayceOpp          344.5460      7.967     43.245      0.000     328.930     360.162
jhinOpp           340.5494      7.346     46.360      0.000     326.152     354.947
jinxOpp           210.9279     12.018     17.551      0.000     187.373     234.483
kalistaOpp        366.8909      7.330     50.054      0.000     352.524     381.257
karmaOpp          311.0071      6.069     51.244      0.000     299.112     322.902
karthusOpp         34.0509     25.935      1.313      0.189     -16.781      84.883
kassadinOpp       454.9956      9.275     49.057      0.000     436.817     473.174
katarinaOpp       425.3047     23.131     18.387      0.000     379.969     470.640
kayleOpp          496.8713     28.925     17.178      0.000     440.180     553.563
kaynOpp           183.3882     31.449      5.831      0.000     121.749     245.028
kennenOpp         395.4439      9.040     43.746      0.000     377.727     413.161
khazixOpp         333.7802      7.334     45.511      0.000     319.406     348.155
kindredOpp        241.8066      9.927     24.358      0.000     222.349     261.264
kledOpp           255.5040     11.884     21.500      0.000     232.211     278.796
kogmawOpp         144.7669      8.731     16.581      0.000     127.655     161.879
leblancOpp        638.1943      7.215     88.453      0.000     624.053     652.336
leesinOpp         361.0401      6.612     54.601      0.000     348.080     374.000
leonaOpp          699.4158     14.336     48.786      0.000     671.317     727.515
lissandraOpp      356.4492      7.876     45.258      0.000     341.013     371.886
lucianOpp         377.1959      6.634     56.854      0.000     364.193     390.199
luluOpp           307.3279      5.912     51.980      0.000     295.740     318.916
luxOpp            130.4780     17.707      7.369      0.000      95.774     165.182
malphiteOpp       293.3307     14.632     20.047      0.000     264.652     322.010
malzaharOpp       287.9563      7.878     36.553      0.000     272.516     303.397
maokaiOpp         361.8019      5.441     66.501      0.000     351.139     372.465
masteryiOpp      -259.3617     78.145     -3.319      0.001    -412.523    -106.201
missfortuneOpp    438.9513     12.073     36.359      0.000     415.290     462.613
mordekaiserOpp    457.2415     43.161     10.594      0.000     372.648     541.835
morganaOpp        541.0840      8.298     65.208      0.000     524.821     557.347
namiOpp           475.9201      8.372     56.849      0.000     459.512     492.328
nasusOpp          147.2844     57.340      2.569      0.010      34.900     259.669
nautilusOpp       414.3022      6.322     65.536      0.000     401.912     426.693
nidaleeOpp        372.6316      7.823     47.634      0.000     357.299     387.964
nocturneOpp       158.3231     31.114      5.088      0.000      97.340     219.306
nunuOpp           379.8354     14.753     25.747      0.000     350.920     408.751
olafOpp           246.5994      9.706     25.408      0.000     227.577     265.622
oriannaOpp        289.5445      6.307     45.911      0.000     277.184     301.905
ornnOpp            18.8301     20.940      0.899      0.369     -22.211      59.872
pantheonOpp       665.2103     27.538     24.156      0.000     611.236     719.184
poppyOpp          306.5268      7.133     42.973      0.000     292.546     320.507
quinnOpp          472.4022     19.157     24.659      0.000     434.855     509.949
rakanOpp           32.1649     10.183      3.159      0.002      12.206      52.123
rammusOpp         361.8228     21.720     16.659      0.000     319.252     404.393
reksaiOpp         353.2300      6.002     58.852      0.000     341.466     364.994
renektonOpp       328.1227      8.005     40.990      0.000     312.433     343.812
rengarOpp         276.2963      8.624     32.037      0.000     259.393     293.200
rivenOpp          435.4684     23.840     18.266      0.000     388.743     482.194
rumbleOpp         336.1993      6.270     53.619      0.000     323.910     348.489
ryzeOpp           399.0362      6.932     57.563      0.000     385.450     412.623
sejuaniOpp        337.0461      8.654     38.946      0.000     320.084     354.008
shacoOpp         -217.9907     67.689     -3.220      0.001    -350.658     -85.323
shenOpp           222.7118      6.057     36.766      0.000     210.839     234.584
shyvanaOpp        181.1754     22.138      8.184      0.000     137.786     224.565
singedOpp         269.0225     31.160      8.634      0.000     207.950     330.095
sionOpp           448.6281     16.099     27.867      0.000     417.075     480.182
sivirOpp          251.5113      6.849     36.722      0.000     238.087     264.935
skarnerOpp        209.2186     40.679      5.143      0.000     129.489     288.948
sonaOpp           303.2173     25.473     11.903      0.000     253.291     353.144
sorakaOpp         140.8766     15.486      9.097      0.000     110.525     171.229
swainOpp          492.1474     14.236     34.571      0.000     464.246     520.049
syndraOpp         396.3194      6.954     56.988      0.000     382.689     409.950
tahmkenchOpp      320.9648      7.401     43.370      0.000     306.460     335.470
taliyahOpp        319.0377      7.690     41.487      0.000     303.965     334.110
talonOpp          378.3949     17.536     21.578      0.000     344.025     412.764
taricOpp           89.3137     11.567      7.722      0.000      66.644     111.984
teemoOpp           85.0316     73.781      1.152      0.249     -59.577     229.641
threshOpp         524.4670      6.240     84.050      0.000     512.237     536.697
tristanaOpp       189.1181      8.185     23.106      0.000     173.076     205.160
trundleOpp        375.7141      6.344     59.221      0.000     363.280     388.149
tryndamereOpp     809.2190    214.005      3.781      0.000     389.776    1228.662
twistedfateOpp    175.8471     10.646     16.518      0.000     154.982     196.712
twitchOpp         329.4214     12.322     26.734      0.000     305.270     353.573
udyrOpp           218.3310     35.105      6.219      0.000     149.527     287.135
urgotOpp          409.4610     17.345     23.607      0.000     375.465     443.457
varusOpp          350.8758      6.710     52.293      0.000     337.725     364.027
vayneOpp          270.4712     12.997     20.811      0.000     244.998     295.944
veigarOpp         369.7067     27.306     13.539      0.000     316.188     423.225
velkozOpp         421.1126     23.895     17.623      0.000     374.279     467.946
viOpp             410.6923     19.926     20.610      0.000     371.637     449.748
viktorOpp         240.8595      6.333     38.031      0.000     228.446     253.272
vladimirOpp       435.4904      7.959     54.719      0.000     419.892     451.089
volibearOpp       194.9442     87.487      2.228      0.026      23.472     366.416
warwickOpp        327.8816     24.410     13.432      0.000     280.039     375.724
wukongOpp         178.6039     87.566      2.040      0.041       6.978     350.230
xayahOpp          290.8912      9.611     30.267      0.000     272.054     309.728
xerathOpp         336.3739     14.843     22.663      0.000     307.283     365.465
xinzhaoOpp        429.5088     58.414      7.353      0.000     315.019     543.999
yasuoOpp          378.7306     17.498     21.645      0.000     344.436     413.025
yorickOpp          86.7540     58.923      1.472      0.141     -28.732     202.240
zacOpp            299.8512     11.186     26.805      0.000     277.926     321.776
zedOpp            513.9161      9.977     51.512      0.000     494.362     533.470
ziggsOpp          167.7900     15.916     10.542      0.000     136.595     198.985
zileanOpp         358.4998     11.489     31.203      0.000     335.982     381.018
zoeOpp             37.7290     34.559      1.092      0.275     -30.005     105.463
zyraOpp           394.8261      8.110     48.684      0.000     378.931     410.721
==============================================================================
Omnibus:                   296921.570   Durbin-Watson:                   0.189
Prob(Omnibus):                  0.000   Jarque-Bera (JB):          1710106.720
Skew:                           0.346   Prob(JB):                         0.00
Kurtosis:                       6.751   Cond. No.                     1.50e+16
==============================================================================

Warnings:
[1] Standard Errors assume that the covariance matrix of the errors is correctly specified.
[2] The smallest eigenvalue is 8.94e-21. This might indicate that there are
strong multicollinearity problems or that the design matrix is singular.
1522613081.0996206
----------------------- End Program. Run Time: 7668.142384529114 -----------------------